Fri. Sep. 28, 2012             LANDSAT 7                 Time: 08:22
                         Image Assessment System
                           GCP Residual Report
----------------------------------------------------------------------------
WOID: L4864603            Path/Row: 014 / 032

L0R Reference Image: L72EDC1999186150200_HDF.122720336
Acquisition Date: Jul 05, 1999

Band Number:  5

GeoCover date for each WRS-2 path/row used:
Path  Row   Date
014   032   1999-09-23


Point_ID      Latitude  Longitude    Height       Across    Along    Residual  Residual
                                                   Scan      Scan      In y      in x
                                                 Residual  Residual    dir       dir
                (deg)     (deg)     (meters)     (meters)  (meters)  (meters)  (meters)

0140320001   39.805434  -75.427445   -32.455       4.925    -5.077     5.781    -4.068
0140320002   40.844760  -73.788842   -27.396       1.141    -3.097     1.695    -2.829
0140320003   40.948134  -74.065321   -15.668       0.273    -1.410     0.530    -1.333
0140320004   40.978516  -73.787468    47.304      -0.814     0.128    -0.822    -0.025
0140320005   39.597576  -74.342643   -30.984      -0.484    -5.946     0.632    -5.927
0140320006   40.864834  -73.649647    -0.304      -5.794    -2.760    -5.178    -3.785
0140320007   40.869077  -74.151518    -4.729       1.975    -0.956     2.117    -0.572
0140320008   40.462764  -74.295361    -1.381       0.092     2.768    -0.423     2.735
0140320009   40.348343  -74.123108   -16.496      -3.342     3.830    -3.992     3.140
0140320010   40.600232  -75.454805    41.220       3.187    -2.262     3.548    -1.631
0140320011   40.627047  -74.167714   -25.800       2.970    -3.204     3.511    -2.594
0140320012   39.992673  -75.274339    41.869       1.008     0.312     0.931     0.494
0140320013   40.876867  -74.352585    25.543      -1.268    -1.160    -1.030    -1.374
0140320014   41.034599  -75.065550   265.632      -1.211    -3.232    -0.590    -3.397
0140320015   40.732542  -73.708102    -4.949       0.283     2.260    -0.140     2.272
0140320016   39.989676  -74.158986   -27.474      -1.665     0.549    -1.736     0.229
0140320017   40.909079  -74.530737   203.203      -1.682    -1.587    -1.357    -1.869
0140320018   40.362150  -74.024706   -18.215      -2.232     1.661    -2.499     1.216
0140320019   41.002140  -74.203678   125.341      -0.050     2.613    -0.532     2.556
0140320020   40.098094  -74.091837   -27.866       1.676     1.980     1.278     2.256
0140320021   40.155362  -75.136205    49.267       0.566    -2.857     1.087    -2.700
0140320022   40.260332  -74.001827   -22.602      -1.548     1.359    -1.771     1.046
0140320023   40.207880  -74.441131    51.843      -5.440     3.942    -6.073     2.859
0140320024   40.171667  -75.246519    38.178      -4.067     1.012    -4.181     0.238
0140320025   39.957452  -75.178311   -28.973       3.546    -2.442     3.936    -1.738
0140320026   40.603280  -74.097800    16.189      -1.822     0.399    -1.863     0.054
0140320027   40.482680  -74.484165    -1.784       2.110     0.224     2.030     0.612
0140320028   40.569220  -74.938214   144.014      -1.726     1.249    -1.926     0.907
0140320029   40.851084  -75.265036   197.558       0.205    -2.759     0.712    -2.670
0140320030   39.894887  -74.752838   -18.246      -2.730     1.242    -2.911     0.712
0140320031   39.881033  -75.875588   125.109      -2.516     1.015    -2.660     0.528
0140320032   40.330097  -74.257896    13.724      -0.885     2.215    -1.280     2.011
0140320033   40.003845  -75.232910    52.481       1.628    -0.362     1.666    -0.052
0140320034   40.535374  -74.198250    -6.496      -2.384     0.635    -2.458     0.181
0140320035   39.870199  -75.139147   -27.239       4.864    -3.219     5.374    -2.256
0140320036   40.001070  -75.091614   -24.348       5.205    -0.564     5.216     0.414
0140320037   39.575384  -74.752579    -7.417       3.591    -5.879     4.621    -5.102
0140320038   40.890743  -73.900892     7.681       1.498    -0.061     1.483     0.218
0140320039   40.269896  -74.815696    13.164       1.763     2.368     1.292     2.653
0140320040   40.796170  -74.619726   175.825      -3.097     0.903    -3.207     0.313
0140320041   40.998681  -75.557052   469.341       0.703    -3.735     1.381    -3.536
0140320042   40.680498  -75.142238    82.604       3.993     0.878     3.757     1.602
0140320043   40.361513  -75.731967    69.510      -0.298     2.946    -0.841     2.837
0140320044   39.857539  -75.095281   -28.243       4.417    -0.075     4.350     0.748
0140320045   40.451689  -74.342177    -5.624      -1.560     1.826    -1.870     1.504
0140320046   40.685601  -74.318581    -1.702      -0.266    -0.366    -0.193    -0.409
0140320048   40.336427  -75.155640    96.453      -1.914     3.300    -2.492     2.885
0140320049   40.788161  -74.002499    -1.738       2.940    -1.013     3.076    -0.449
0140320050   40.675469  -75.347048    64.468       1.558    -5.633     2.575    -5.242
0140320051   40.597285  -74.376918    -7.258      -2.455     1.271    -2.646     0.793
0140320052   40.369305  -74.586092     0.020       4.548     0.898     4.300     1.727
0140320053   40.856112  -75.180698   173.073      -3.043    -0.428    -2.909    -0.983
0140320054   40.804332  -75.086663    81.998       1.523    -3.150     2.079    -2.811
0140320055   40.510479  -75.296268   109.912       1.447     2.682     0.923     2.901
0140320056   40.300870  -74.252215    29.689      -5.548     1.001    -5.633    -0.048
0140320057   40.030276  -75.260073    68.982      -1.112     0.959    -1.270     0.735
0140320058   40.484142  -74.509639     4.000      -2.978     2.893    -3.460     2.288
0140320059   40.902666  -75.128109   122.481      -0.232    -2.208     0.181    -2.210
0140320060   39.992566  -76.019682   103.143      -2.497    -5.916    -1.350    -6.272
0140320061   40.520817  -74.633328    -8.987       0.375     1.603     0.071     1.644
0140320062   40.610151  -74.463327    -6.471      -2.157    -2.259    -1.699    -2.618
0140320063   40.947799  -74.549354   220.724      -1.344    -2.367    -0.881    -2.573
0140320064   40.056895  -74.111730   -31.615       2.111     0.257     2.026     0.646
0140320065   40.950594  -73.704930   -13.516      -0.436    -0.951    -0.252    -1.014
0140320066   40.403094  -75.212714   103.118      -4.978     2.964    -5.438     1.986
0140320067   40.389696  -75.284427   135.939      -1.182     4.954    -2.080     4.644
0140320068   40.547533  -74.424500    -1.385       2.964    -0.024     2.915     0.527
0140320069   40.818104  -73.935885   -28.955       2.165    -2.308     2.554    -1.864
0140320070   39.663913  -75.771067    -4.805       0.691    -5.782     1.756    -5.548
0140320071   39.781890  -75.708972    46.435       0.734    -4.412     1.541    -4.195
0140320072   40.881202  -74.675855   306.319      -2.742    -1.424    -2.428    -1.905
0140320073   40.653594  -75.423230    85.425       3.729    -2.909     4.200    -2.165
0140320074   40.253826  -75.004116    25.831       2.229    -1.758     2.515    -1.312
0140320075   40.865901  -74.198549    87.717      -1.447    -1.942    -1.061    -2.175
0140320076   39.749436  -76.094175    63.500       1.240     0.421     1.138     0.644
0140320077   40.042458  -75.355071    79.994       0.327    -2.786     0.839    -2.674
0140320078   40.647365  -74.003179    17.815       2.982    -1.149     3.142    -0.574
0140320080   39.698992  -75.856837    71.774      -0.379    -1.566    -0.081    -1.608
0140320081   40.156785  -76.001704   144.577      -2.208     2.472    -2.628     2.017
0140320082   39.981445  -74.784500   -17.666       3.666     1.057     3.403     1.720
0140320083   40.135578  -74.189587   -12.000      -3.569     2.248    -3.921     1.543
0140320084   39.960343  -75.699571   106.569      -0.557     1.404    -0.808     1.275
0140320085   40.578708  -74.252320   -21.684       3.966    -1.796     4.228    -1.027
0140320086   40.312531  -75.487469    80.078      -3.182     6.233    -4.282     5.529
0140320087   40.004607  -75.503549   109.849      -3.649     0.746    -3.721     0.055
0140320089   40.670550  -75.265739    79.887       2.352    -1.590     2.604    -1.126
0140320090   40.639498  -73.881963   -30.612       3.971     0.638     3.782     1.365
0140320091   40.381208  -75.480896    71.216       2.556     2.855     1.979     3.277
0140320092   41.113810  -75.555881   487.482       2.371    -5.406     3.327    -4.868
0140320093   40.322671  -75.132656    75.205       0.580    -0.011     0.571     0.097
0140320094   40.832035  -73.866282   -22.096       1.460    -0.473     1.522    -0.194
0140320095   40.717101  -73.805011     1.958       3.418    -0.330     3.419     0.311
0140320096   40.254028  -75.279625    70.075       2.264     1.361     1.970     1.756
0140320097   40.773997  -74.158062   -24.319       1.315    -2.661     1.784    -2.369
0140320099   40.474566  -74.717103   133.476      -6.059     3.007    -6.506     1.827
0140320100   40.063315  -74.345224    -3.424      -1.014     3.326    -1.613     3.077
0140320101   40.212760  -74.758033   -21.440       3.313     2.020     2.878     2.600
0140320102   40.428235  -74.518888     1.000      -2.612     0.914    -2.734     0.412
0140320104   40.791652  -74.952587   127.661      -2.201     3.289    -2.771     2.822
0140320105   40.254409  -74.299644    18.888       1.758     1.903     1.373     2.196
0140320106   40.704794  -74.193381   -29.595       2.287    -1.100     2.451    -0.656
0140320107   40.479406  -74.321379   -24.555       0.596     3.672    -0.096     3.717
0140320108   40.735811  -75.691287   173.733      -5.146     5.076    -5.994     4.030
0140320109   40.817986  -73.839486   -29.568       0.449     0.384     0.370     0.461
0140320110   40.900594  -74.572825   165.435       1.102    -4.246     1.868    -3.964
0140320111   39.952023  -75.592018    88.933       2.716    -1.251     2.899    -0.724
0140320112   40.528496  -75.214881   150.581      -2.011     3.958    -2.709     3.512
0140320113   40.725801  -73.733809    -6.983       0.684     2.496     0.210     2.578
0140320114   40.280053  -74.032592   -16.000      -4.078     0.352    -4.069    -0.413
0140320115   40.269180  -74.890854    37.984      -3.530     3.812    -4.174     3.087
0140320116   39.760487  -75.110907   -16.325      -2.058    -0.657    -1.898    -1.028
0140320117   40.327078  -74.134683    -9.000      -2.889     2.168    -3.239     1.592
0140320118   40.347979  -74.799234    29.081       1.042     2.751     0.513     2.895
0140320119   40.286497  -75.264935    68.530      -1.115     3.247    -1.699     2.981
0140320120   40.412426  -75.110909   123.086      -2.533     1.460    -2.758     0.964
0140320121   40.057739  -75.809959   162.289      -2.015     0.880    -2.143     0.489
0140320122   39.775908  -75.568087    48.602       1.252    -3.128     1.812    -2.838
0140320123   40.842337  -73.667184   -26.425      -2.606     6.428    -3.748     5.829
0140320124   40.260965  -74.044859   -15.000      -0.373     1.325    -0.611     1.232
0140320125   40.090599  -74.761985   -19.718      -5.029     3.649    -5.616     2.647
0140320126   40.782797  -74.039200   -29.000       4.432    -0.613     4.466     0.221
0140320127   40.842410  -73.934073    29.268       1.838    -6.176     2.950    -5.723
0140320128   41.019962  -74.551360   261.667      -0.517     0.137    -0.533     0.039
0140320129   39.928058  -74.123579   -31.000       1.888    -1.713     2.173    -1.330
0140320131   40.207776  -74.019167   -27.000       0.540    -0.431     0.611    -0.322
0140320133   40.139070  -74.810416   -32.000       6.299     4.087     5.426     5.184
0140320134   40.384341  -75.082235   121.076      -3.753     3.175    -4.274     2.420
0140320135   40.858007  -74.604423   243.915      -1.433    -0.798    -1.259    -1.048
0140320136   41.142711  -75.030982   319.000      -0.097    -2.022     0.279    -2.002
0140320137   40.194471  -76.049486   119.148      -1.376     3.939    -2.084     3.612
0140320138   40.676477  -74.284596    -0.594       1.323    -3.353     1.921    -3.047
0140320139   40.089761  -74.988621    -2.654       3.787    -0.265     3.767     0.444
0140320140   40.218996  -74.102918    -5.409      -3.654    -0.100    -3.569    -0.778
0140320141   39.930005  -75.056409   -28.000       5.163    -0.141     5.096     0.822
0140320142   40.223492  -74.722734   -19.000      -1.107     2.036    -1.465     1.794
0140320143   40.328658  -75.939968    33.652       4.014    -1.220     4.167    -0.453
0140320144   40.224945  -74.138805     3.529      -1.001     1.875    -1.331     1.655
0140320145   40.639411  -74.236033   -26.267       1.221    -2.745     1.708    -2.469
0140320146   40.353276  -75.937130    61.609       1.937    -1.504     2.181    -1.118
0140320147   39.849263  -75.697741    77.010       1.508    -1.187     1.700    -0.885
0140320148   40.989163  -73.964881   -13.162      -0.830    -0.448    -0.731    -0.593
0140320149   40.035091  -75.801955   141.802      -4.720     2.492    -5.098     1.569
0140320150   40.151009  -74.155238   -19.789      -2.562     1.482    -2.790     0.979
0140320151   40.694316  -73.905547   -11.117       0.172     3.065    -0.399     3.042
0140320152   39.752212  -75.225056    -5.000       0.483    -1.145     0.687    -1.035
0140320153   39.946933  -75.983185   107.179      -1.766    -3.221    -1.135    -3.490
0140320154   40.061203  -74.145443   -28.296       0.128    -1.039     0.319    -0.996
0140320156   40.545954  -74.556664   -14.713       2.928    -0.763     3.017    -0.206
0140320158   40.054038  -74.897177   -24.000       3.755     0.656     3.565     1.343
0140320159   40.130289  -74.562193     8.223      -6.576     5.059    -7.396     3.744
0140320160   40.863265  -73.999593   -30.000      -2.024    -2.073    -1.603    -2.411
0140320161   40.751314  -74.373350    23.838       0.605    -2.061     0.976    -1.911
0140320162   40.038203  -75.217202    58.313       3.829    -0.225     3.801     0.491
0140320163   40.245369  -75.378350    34.762      -4.304     1.459    -4.497     0.634
0140320164   40.756094  -73.687744     6.704       0.599    -0.126     0.613    -0.012
0140320166   40.180768  -75.454458    11.792      -0.992    -0.428    -0.895    -0.604
0140320167   40.047982  -74.685815   -13.844      -4.882     5.213    -5.763     4.210
0140320168   40.725186  -75.556897   100.790       4.333    -2.398     4.698    -1.552
0140320169   40.482150  -74.627521    -6.990      -0.983     2.494    -1.428     2.266
0140320170   40.510584  -74.969075   128.033      -2.942    -0.302    -2.832    -0.842
0140320171   40.738841  -73.956691   -29.439       4.418    -2.042     4.718    -1.185
0140320172   41.040536  -74.560500   350.538      -1.440     0.672    -1.537     0.393
0140320173   40.275648  -75.127271    32.041       0.011    -0.131     0.035    -0.127
0140320174   40.536326  -74.667604    -2.483      -0.617     3.501    -1.255     3.323
0140320175   40.136247  -74.966428    18.302       1.547     1.749     1.194     2.005
0140320176   39.781216  -75.811963    87.145      -0.474     0.420    -0.545     0.324
0140320178   40.324814  -76.011246    78.057       1.871    -0.352     1.902     0.001
0140320179   40.809197  -75.617710   157.267       3.046    -1.718     3.308    -1.123
0140320180   39.911319  -76.037781   182.398      -2.282    -2.163    -1.838    -2.547
0140320181   40.684581  -75.447922    84.718      -0.962    -0.790    -0.798    -0.954
0140320182   40.615281  -73.760014   -30.019       3.339    -1.001     3.465    -0.362
0140320183   39.935350  -75.131554   -31.000       5.193    -5.524     6.127    -4.458
0140320184   40.303536  -74.639447    -4.498       0.774     3.684     0.076     3.762
0140320185   40.051410  -74.655903     3.968      -3.222     4.247    -3.952     3.570
0140320186   40.409024  -74.513721    -3.080      -2.010    -0.369    -1.905    -0.735
0140320187   40.780757  -74.370584    21.494       0.549    -4.763     1.421    -4.575
0140320188   40.470472  -75.389520   144.556       0.079     2.950    -0.471     2.910
0140320189   39.950619  -74.778275   -19.052      -2.238     3.539    -2.856     3.059
0140320190   41.070605  -75.782626   392.013       3.728     0.386     3.587     1.067
0140320191   40.620949  -75.478000    48.317       4.481    -5.233     5.370    -4.308
0140320192   40.289450  -74.126693   -15.000      -4.774     2.305    -5.115     1.376
0140320193   40.086216  -74.913316   -28.990       3.574     0.680     3.383     1.332
0140320194   40.077526  -75.130068    25.598      -0.079    -0.118    -0.055    -0.130
0140320195   40.067056  -74.978071   -21.573       0.692    -0.446     0.763    -0.309
0140320196   40.804703  -75.648610   192.210       0.286     2.601    -0.202     2.607
0140320197   39.942830  -74.184843   -32.886       1.577    -1.837     1.890    -1.509
0140320198   40.472393  -74.857966    14.866      -1.027     1.159    -1.224     0.948
0140320199   40.504123  -75.494873   146.230      -2.607    -0.462    -2.474    -0.937
0140320200   40.637419  -74.074636   -28.778       4.259    -2.476     4.642    -1.640
0140320201   40.297003  -74.374743    -3.412      -4.475     5.213    -5.361     4.287
0140320202   39.968397  -75.560543    98.338      -1.326     0.541    -1.403     0.284
0140320203   40.148954  -75.013971    35.787       2.629     2.381     2.139     2.826
0140320204   40.572870  -75.588949   106.261       1.968    -2.544     2.403    -2.133
0140320205   40.149740  -74.333476     0.859      -1.147     1.814    -1.463     1.568
0140320206   39.565970  -74.775314   -17.062       1.892    -6.182     3.009    -5.716
0140320207   40.200172  -75.468687    49.100       1.066     1.603     0.749     1.771
0140320208   40.909406  -74.123574   -10.782      -1.280    -3.832    -0.547    -4.000
0140320209   40.522565  -74.520339    -8.094      -0.989     0.331    -1.032     0.141
0140320210   40.209449  -75.569575     8.166      -0.352    -0.186    -0.311    -0.248
0140320211   39.936623  -74.811678   -24.896      -3.342     4.364    -4.093     3.663
0140320212   39.798738  -74.181290   -31.000      -1.322    -4.098    -0.535    -4.270
0140320213   40.594835  -74.280858   -25.276       0.189     0.536     0.087     0.562
0140320215   40.043780  -75.086747    -2.464       5.935    -2.541     6.300    -1.391
0140320216   40.217498  -75.296750    75.995       3.306    -0.889     3.411    -0.259
0140320217   40.197160  -75.202200    54.415      -4.250     2.283    -4.597     1.452
0140320218   40.093001  -75.033668    13.399       2.738    -0.956     2.866    -0.430
0140320219   39.796021  -75.740303    91.852       1.044    -0.413     1.101    -0.212
0140320220   39.770279  -75.499035    28.196      -1.200    -2.867    -0.644    -3.037
0140320221   39.679485  -75.932856    70.882      -1.123     1.473    -1.377     1.238
0140320222   41.025517  -74.264774    82.617      -0.743     5.537    -1.754     5.300
0140320223   40.286308  -75.488693    60.200       0.364     5.179    -0.605     5.153
0140320224   40.350552  -75.265186   100.892      -1.673     1.737    -1.965     1.395
0140320225   39.975758  -74.582504    -7.995       0.217     1.788    -0.119     1.796
0140320226   40.196717  -74.864888    24.075       0.013     2.156    -0.388     2.119
0140320227   39.831415  -75.548209    80.896       0.001    -4.525     0.843    -4.442
0140320229   40.738885  -74.160992   -25.810       3.670    -2.149     4.003    -1.429
0140320230   40.391268  -75.769757    82.405      -3.070    -3.133    -2.432    -3.645
0140320231   39.746889  -74.531364   -16.000       2.654    -5.209     3.576    -4.619
0140320232   40.782947  -74.125950    -4.197       1.273    -2.262     1.670    -1.985
0140320233   40.714229  -74.229495    16.515       2.637     0.341     2.527     0.824
0140320234   39.645427  -74.507924   -28.248      -0.775    -2.932    -0.214    -3.022
0140320235   40.406302  -75.700632   117.102      -3.646    -0.909    -3.411    -1.568
0140320237   40.336631  -74.594416    -9.970       0.824     1.298     0.569     1.428
0140320238   39.605302  -74.863598   -10.390       1.548    -3.681     2.206    -3.325
0140320239   39.997234  -75.947357   189.926      -2.040    -1.239    -1.773    -1.596
0140320240   40.338783  -74.183275    -7.460      -3.280     3.442    -3.859     2.770
0140320241   39.790937  -75.921746   117.178       1.633     3.961     0.864     4.192
0140320242   40.088858  -75.764932   125.467      -2.724     1.026    -2.865     0.501
0140320243   39.730341  -74.260167   -16.282      -2.181    -1.370    -1.885    -1.752
0140320244   40.357070  -74.976918     8.311       0.397     0.335     0.328     0.403
0140320245   40.306679  -75.391401    69.328      -0.487     0.674    -0.604     0.571
0140320247   40.664464  -73.950398    -8.931       2.040     0.773     1.860     1.139
0140320248   40.649103  -75.769519   147.981      -5.187    -5.359    -4.099    -6.222
0140320250   41.041520  -74.118968    52.280      -0.941    -1.963    -0.561    -2.102
